Date,Searches,Observed,LSTM-Prediction,LSTMError,Naive-Prediction,NaiveError
01/02/2016,0.66,948.9999999999999,140.82741213048934,-808.1725878695106,177.0,-771.9999999999999
08/02/2016,0.43,948.9999999999999,361.0415048039627,-587.9584951960371,948.9999999999999,0.0
15/02/2016,0.68,950.9999999999999,263.8934690282631,-687.1065309717368,948.9999999999999,-2.0
22/02/2016,0.67,1607.0,387.1142855569458,-1219.8857144430542,950.9999999999999,-656.0000000000001
29/02/2016,0.76,1607.0,44.8467327573204,-1562.1532672426797,1607.0,0.0
07/03/2016,0.82,1607.0,28.97493924393177,-1578.0250607560683,1607.0,0.0
14/03/2016,0.74,1018.0,49.17297504649401,-968.827024953506,1607.0,589.0
21/03/2016,0.75,1019.0,29.8438571691823,-989.1561428308177,1018.0,-1.0
28/03/2016,0.51,640.0,43.8292202840662,-596.1707797159338,1019.0,379.0
04/04/2016,0.57,640.0,25.84634062522173,-614.1536593747783,640.0,0.0
11/04/2016,0.51,642.0,36.97909250043869,-605.0209074995613,640.0,-2.0
18/04/2016,0.45,337.0,38.11365657837868,-298.8863434216213,642.0,305.0
25/04/2016,0.37,337.0,50.86765846371412,-286.1323415362859,337.0,0.0
02/05/2016,0.33,337.0,221.29219856492998,-115.70780143507002,337.0,0.0
09/05/2016,0.26,339.0,210.8555912349224,-128.1444087650776,337.0,-2.0
16/05/2016,0.46,-2.9999999999999996,236.66138833637237,239.66138833637237,339.0,342.0
23/05/2016,0.22,-2.9999999999999996,52.115957149207595,55.115957149207595,-2.9999999999999996,0.0
30/05/2016,0.27,-2.9999999999999996,42.50621363374948,45.50621363374948,-2.9999999999999996,0.0
06/06/2016,0.19,-2.9999999999999996,1.3057653067667783,4.305765306766778,-2.9999999999999996,0.0
13/06/2016,0.21,-2.9999999999999996,-0.01566778169229394,2.9843322183077055,-2.9999999999999996,0.0
20/06/2016,0.28,1.9999999999999998,-0.01566778169229394,-2.0156677816922937,-2.9999999999999996,-4.999999999999999
27/06/2016,0.19,54.0,-0.01566778169229394,-54.015667781692294,1.9999999999999998,-52.0
04/07/2016,0.26,54.0,3.5543791807499527,-50.445620819250045,54.0,0.0
11/07/2016,0.27,54.0,11.594666542046665,-42.40533345795333,54.0,0.0
18/07/2016,0.21,54.0,73.14761034871579,19.147610348715787,54.0,0.0
25/07/2016,0.2,54.0,21.41721949852109,-32.58278050147891,54.0,0.0
01/08/2016,0.34,57.0,29.43830234333277,-27.56169765666723,54.0,-3.0
08/08/2016,0.2,-93.0,47.68154739472627,140.68154739472627,57.0,150.0
15/08/2016,0.16,-186.0,5.98829860224843,191.98829860224842,-93.0,93.0
22/08/2016,0.16,2.9999999999999996,-0.01566778169229394,-3.0156677816922937,-186.0,-189.0
29/08/2016,0.16,2.9999999999999996,-0.01566778169229394,-3.0156677816922937,2.9999999999999996,0.0
05/09/2016,0.15,5.0,-0.01566778169229394,-5.015667781692294,2.9999999999999996,-2.0000000000000004
12/09/2016,0.4,5.0,-0.01566778169229394,-5.015667781692294,5.0,0.0
19/09/2016,0.17,5.0,-0.01566778169229394,-5.015667781692294,5.0,0.0
26/09/2016,0.19,1.9999999999999998,-0.01566778169229394,-2.0156677816922937,5.0,3.0
03/10/2016,0.15,7.999999999999999,0.6392898296570778,-7.360710170342921,1.9999999999999998,-5.999999999999999
10/10/2016,0.15,7.999999999999999,-0.01566778169229394,-8.015667781692294,7.999999999999999,0.0
17/10/2016,0.48,10.0,2.071673988353014,-7.928326011646986,7.999999999999999,-2.000000000000001
24/10/2016,0.38,10.0,-0.01566778169229394,-10.015667781692294,10.0,0.0
31/10/2016,0.26,11.999999999999998,-0.01566778169229394,-12.015667781692292,10.0,-1.9999999999999982
07/11/2016,0.26,13.0,-0.01566778169229394,-13.015667781692294,11.999999999999998,-1.0000000000000018
14/11/2016,0.58,9.0,-0.01566778169229394,-9.015667781692294,13.0,4.0
21/11/2016,0.27,11.999999999999998,-0.01566778169229394,-12.015667781692292,9.0,-2.9999999999999982
28/11/2016,0.15,9.0,-0.01566778169229394,-9.015667781692294,11.999999999999998,2.9999999999999982
05/12/2016,0.25,11.0,-0.01566778169229394,-11.015667781692294,9.0,-2.0
12/12/2016,0.3,11.0,-0.01566778169229394,-11.015667781692294,11.0,0.0
19/12/2016,0.34,11.0,-0.01566778169229394,-11.015667781692294,11.0,0.0
26/12/2016,0.35,1.9999999999999998,-0.01566778169229394,-2.0156677816922937,11.0,9.0
02/01/2017,0.19,11.0,-0.01566778169229394,-11.015667781692294,1.9999999999999998,-9.0
09/01/2017,0.46,11.0,-0.01566778169229394,-11.015667781692294,11.0,0.0
16/01/2017,0.21,11.0,-0.01566778169229394,-11.015667781692294,11.0,0.0
23/01/2017,0.19,11.999999999999998,-0.01566778169229394,-12.015667781692292,11.0,-0.9999999999999982
30/01/2017,0.32,25.0,3.187794744002819,-21.81220525599718,11.999999999999998,-13.000000000000002
06/02/2017,0.47,25.0,-0.01566778169229394,-25.015667781692294,25.0,0.0
13/02/2017,0.41,27.0,-0.01566778169229394,-27.015667781692294,25.0,-2.0
20/02/2017,0.25,54.0,2.8844411551631985,-51.1155588448368,27.0,-27.0
27/02/2017,0.38,54.0,8.250574043464662,-45.74942595653534,54.0,0.0
06/03/2017,0.18,54.0,5.847740455385148,-48.15225954461485,54.0,0.0
13/03/2017,0.12,37.0,69.89101151713848,32.89101151713848,54.0,17.0
20/03/2017,0.18,37.0,17.53034872654915,-19.46965127345085,37.0,0.0
27/03/2017,0.07,65.0,43.72126367151737,-21.27873632848263,37.0,-28.0
03/04/2017,0.19,65.0,17.1438131342566,-47.856186865743396,65.0,0.0
10/04/2017,0.15,67.0,17.56095699420452,-49.43904300579548,65.0,-2.0
17/04/2017,0.15,25.0,39.244743159325125,14.244743159325125,67.0,42.0
24/04/2017,0.2,25.0,14.689093638828993,-10.310906361171007,25.0,0.0
01/05/2017,0.12,25.0,16.92249956088662,-8.07750043911338,25.0,0.0
08/05/2017,0.08,27.0,13.188301921627522,-13.811698078372478,25.0,-2.0
15/05/2017,0.14,33.0,14.009809446690083,-18.990190553309915,27.0,-6.0
22/05/2017,0.14,33.0,15.500403128590584,-17.499596871409416,33.0,0.0
29/05/2017,0.24,33.0,14.897225767712593,-18.10277423228741,33.0,0.0
05/06/2017,0.1,33.0,15.362292997993231,-17.63770700200677,33.0,0.0
12/06/2017,0.05,33.0,15.723232009474039,-17.27676799052596,33.0,0.0
19/06/2017,0.08,33.0,14.446520127956868,-18.553479872043134,33.0,0.0
26/06/2017,0.16,-14.0,15.723630112071037,29.723630112071035,33.0,47.0
03/07/2017,0.13,-14.0,9.688056433047056,23.688056433047056,-14.0,0.0
10/07/2017,0.16,-14.0,8.590497801055312,22.590497801055314,-14.0,0.0
17/07/2017,0.3,-14.0,-0.01566778169229394,13.984332218307706,-14.0,0.0
24/07/2017,0.04,-14.0,-0.01566778169229394,13.984332218307706,-14.0,0.0
31/07/2017,0.07,-9.0,-0.01566778169229394,8.984332218307706,-14.0,-5.0
07/08/2017,0.13,0.9999999999999999,-0.01566778169229394,-1.0156677816922939,-9.0,-10.0
14/08/2017,0.21,2.9999999999999996,-0.01566778169229394,-3.0156677816922937,0.9999999999999999,-1.9999999999999996
21/08/2017,0.09,-7.0,-0.01566778169229394,6.984332218307706,2.9999999999999996,10.0
28/08/2017,0.13,-5.999999999999999,1.5676435481917113,7.56764354819171,-7.0,-1.0000000000000009
04/09/2017,0.08,-21.0,0.300882584312316,21.300882584312316,-5.999999999999999,15.0
11/09/2017,0.22,-21.0,-0.01566778169229394,20.984332218307706,-21.0,0.0
18/09/2017,0.08,-21.0,-0.01566778169229394,20.984332218307706,-21.0,0.0
25/09/2017,0.49,0.9999999999999999,-0.01566778169229394,-1.0156677816922939,-21.0,-22.0
02/10/2017,0.15,2.9999999999999996,-0.01566778169229394,-3.0156677816922937,0.9999999999999999,-1.9999999999999996
09/10/2017,0.17,3.9999999999999996,-0.01566778169229394,-4.015667781692294,2.9999999999999996,-1.0
16/10/2017,0.31,1.9999999999999998,1.276716602101326,-0.7232833978986737,3.9999999999999996,1.9999999999999998
23/10/2017,0.17,1.9999999999999998,-0.01566778169229394,-2.0156677816922937,1.9999999999999998,0.0
30/10/2017,0.13,2.9999999999999996,-0.01566778169229394,-3.0156677816922937,1.9999999999999998,-0.9999999999999998
06/11/2017,0.33,2.9999999999999996,0.29660312891284,-2.7033968710871594,2.9999999999999996,0.0
13/11/2017,0.13,0.0,-0.01566778169229394,-0.01566778169229394,2.9999999999999996,2.9999999999999996
20/11/2017,0.2,10.0,-0.01566778169229394,-10.015667781692294,0.0,-10.0
27/11/2017,0.21,2.9999999999999996,1.5593802639754117,-1.4406197360245878,10.0,7.0
04/12/2017,0.17,2.9999999999999996,-0.01566778169229394,-3.0156677816922937,2.9999999999999996,0.0
11/12/2017,0.09,2.9999999999999996,2.582949246699363,-0.4170507533006367,2.9999999999999996,0.0
18/12/2017,0.16,9.0,0.9691082917562872,-8.030891708243713,2.9999999999999996,-6.0
25/12/2017,0.21,7.999999999999999,1.0709254895761608,-6.929074510423838,9.0,1.0000000000000009
