Date,Observed,Predicted,error
02/01/2016,9,,
09/01/2016,0,9.0,9.0
16/01/2016,3,0.0,-3.0
23/01/2016,11,3.0,-8.0
30/01/2016,11,11.0,0.0
06/02/2016,10,11.0,1.0
13/02/2016,9,10.0,1.0
20/02/2016,3,9.0,6.0
27/02/2016,15,3.0,-12.0
05/03/2016,3,15.0,12.0
12/03/2016,7,3.0,-4.0
19/03/2016,6,7.0,1.0
26/03/2016,14,6.0,-8.0
02/04/2016,10,14.0,4.0
09/04/2016,11,10.0,-1.0
16/04/2016,1,11.0,10.0
23/04/2016,5,1.0,-4.0
30/04/2016,3,5.0,2.0
07/05/2016,0,3.0,3.0
14/05/2016,1,0.0,-1.0
21/05/2016,0,1.0,1.0
28/05/2016,10,0.0,-10.0
04/06/2016,7,10.0,3.0
11/06/2016,0,7.0,7.0
18/06/2016,59,0.0,-59.0
25/06/2016,43,59.0,16.0
02/07/2016,45,43.0,-2.0
09/07/2016,55,45.0,-10.0
16/07/2016,45,55.0,10.0
23/07/2016,46,45.0,-1.0
30/07/2016,21,46.0,25.0
06/08/2016,20,21.0,1.0
13/08/2016,16,20.0,4.0
20/08/2016,15,16.0,1.0
27/08/2016,29,15.0,-14.0
03/09/2016,3,29.0,26.0
10/09/2016,2,3.0,1.0
17/09/2016,12,2.0,-10.0
24/09/2016,1,12.0,11.0
01/10/2016,47,1.0,-46.0
08/10/2016,105,47.0,-58.0
15/10/2016,3,105.0,102.0
22/10/2016,4,3.0,-1.0
29/10/2016,1,4.0,3.0
05/11/2016,46,1.0,-45.0
12/11/2016,0,46.0,46.0
19/11/2016,0,0.0,0.0
26/11/2016,0,0.0,0.0
03/12/2016,0,0.0,0.0
10/12/2016,1,0.0,-1.0
17/12/2016,0,1.0,1.0
24/12/2016,0,0.0,0.0
31/12/2016,0,0.0,0.0
07/01/2017,0,0.0,0.0
14/01/2017,0,0.0,0.0
21/01/2017,0,0.0,0.0
28/01/2017,0,0.0,0.0
04/02/2017,0,0.0,0.0
11/02/2017,0,0.0,0.0
18/02/2017,0,0.0,0.0
25/02/2017,0,0.0,0.0
04/03/2017,0,0.0,0.0
11/03/2017,0,0.0,0.0
18/03/2017,0,0.0,0.0
25/03/2017,0,0.0,0.0
01/04/2017,0,0.0,0.0
08/04/2017,0,0.0,0.0
15/04/2017,0,0.0,0.0
22/04/2017,0,0.0,0.0
29/04/2017,0,0.0,0.0
06/05/2017,0,0.0,0.0
13/05/2017,0,0.0,0.0
20/05/2017,0,0.0,0.0
27/05/2017,0,0.0,0.0
03/06/2017,0,0.0,0.0
10/06/2017,0,0.0,0.0
17/06/2017,0,0.0,0.0
24/06/2017,0,0.0,0.0
01/07/2017,0,0.0,0.0
08/07/2017,0,0.0,0.0
15/07/2017,0,0.0,0.0
22/07/2017,3,0.0,-3.0
29/07/2017,0,3.0,3.0
05/08/2017,2,0.0,-2.0
12/08/2017,0,2.0,2.0
19/08/2017,0,0.0,0.0
26/08/2017,0,0.0,0.0
02/09/2017,0,0.0,0.0
09/09/2017,0,0.0,0.0
16/09/2017,0,0.0,0.0
23/09/2017,0,0.0,0.0
30/09/2017,0,0.0,0.0
07/10/2017,0,0.0,0.0
14/10/2017,0,0.0,0.0
21/10/2017,0,0.0,0.0
28/10/2017,0,0.0,0.0
04/11/2017,0,0.0,0.0
11/11/2017,0,0.0,0.0
18/11/2017,0,0.0,0.0
25/11/2017,0,0.0,0.0
02/12/2017,0,0.0,0.0
09/12/2017,0,0.0,0.0
16/12/2017,0,0.0,0.0
23/12/2017,0,,
