Date,Searches,Observed,LSTM-Prediction,LSTMError,Naive-Prediction,NaiveError
31/01/2016,0.82,1119.0,296.9757093894577,-822.0242906105423,1816.0,697.0
07/02/2016,0.63,883.0,6.880023423281908,-876.119976576718,1119.0,236.0
14/02/2016,0.62,587.0,201.4274637312603,-385.57253626873967,883.0,296.0
21/02/2016,0.57,543.0,73.52812257679463,-469.47187742320534,587.0,44.0
28/02/2016,0.3,268.0,56.449455300807955,-211.55054469919205,543.0,275.0
06/03/2016,0.24,240.00000000000003,31.266650654718877,-208.73334934528114,268.0,27.99999999999997
13/03/2016,0.43,241.0,29.64495951133728,-211.35504048866272,240.00000000000003,-0.9999999999999716
20/03/2016,0.15,70.0,18.321893786176442,-51.678106213823554,241.0,171.0
27/03/2016,0.32,108.0,5.912985251656771,-102.08701474834322,70.0,-38.0
03/04/2016,0.23,95.0,11.260477979065776,-83.73952202093423,108.0,13.0
10/04/2016,0.48,59.0,2.7022095539563895,-56.297790446043614,95.0,36.0
17/04/2016,0.09,80.0,1.9694251310190558,-78.03057486898095,59.0,-21.0
24/04/2016,0.51,82.00000000000001,2.1649885044328867,-79.83501149556713,80.0,-2.000000000000014
01/05/2016,0.18,15.000000000000002,2.0028702987490594,-12.997129701250943,82.00000000000001,67.00000000000001
08/05/2016,0.06,202.0,1.622499621296823,-200.3775003787032,15.000000000000002,-187.0
15/05/2016,0.15,254.00000000000003,7.008656663597226,-246.9913433364028,202.0,-52.00000000000003
22/05/2016,0.0,-71.0,2.05534641438663,73.05534641438663,254.00000000000003,325.0
29/05/2016,0.08,71.0,2.138896000921428,-68.86110399907857,-71.0,-142.0
05/06/2016,0.06,43.0,9.047426250444651,-33.95257374955535,71.0,28.0
12/06/2016,0.25,44.0,-0.0010057594067986065,-44.0010057594068,43.0,-1.0
19/06/2016,0.05,33.0,35.373052611198425,2.3730526111984247,44.0,11.0
26/06/2016,0.57,17.0,1.747433701415807,-15.252566298584194,33.0,16.0
03/07/2016,0.02,33.0,1.3992847678418459,-31.600715232158155,17.0,-16.0
10/07/2016,0.15,46.0,1.2065936930283905,-44.79340630697161,33.0,-13.0
17/07/2016,0.0,44.0,1.0384119029803573,-42.96158809701964,46.0,2.0
24/07/2016,0.2,23.0,1.9145805508442224,-21.08541944915578,44.0,21.0
31/07/2016,0.07,26.0,1.402005249562338,-24.59799475043766,23.0,-3.0
07/08/2016,0.37,21.000000000000004,1.4660732859931886,-19.533926714006814,26.0,4.9999999999999964
14/08/2016,0.39,10.0,1.2942729411181808,-8.70572705888182,21.000000000000004,11.000000000000004
21/08/2016,0.0,24.0,1.773384387961626,-22.226615612038373,10.0,-14.0
28/08/2016,0.4,22.0,2.3887253736132386,-19.611274626386763,24.0,2.0
04/09/2016,0.19,115.0,4.285598803580999,-110.714401196419,22.0,-93.0
11/09/2016,0.46,74.0,17.99990705248594,-56.00009294751406,115.0,41.0
18/09/2016,0.35,6.0,1.1884301114199312,-4.811569888580069,74.0,68.0
25/09/2016,0.0,6.0,1.400995460242182,-4.599004539757818,6.0,0.0
02/10/2016,0.43,-3.0,2.039604933219105,5.039604933219104,6.0,9.0
09/10/2016,0.0,9.0,1.1111343096384405,-7.888865690361559,-3.0,-12.0
16/10/2016,0.0,3.0,2.1741241836638747,-0.8258758163361253,9.0,6.0
23/10/2016,0.32,30.000000000000004,0.45275167289674284,-29.54724832710326,3.0,-27.000000000000004
30/10/2016,0.0,10.0,18.22671399634838,8.22671399634838,30.000000000000004,20.000000000000004
06/11/2016,0.0,6.0,0.4193620602458715,-5.580637939754128,10.0,4.0
13/11/2016,0.0,11.0,2.0896204638972877,-8.910379536102713,6.0,-5.0
20/11/2016,0.0,-3.0,1.1342374448464065,4.1342374448464065,11.0,14.0
27/11/2016,1.0,5.0,0.48765758567560463,-4.5123424143243955,-3.0,-8.0
04/12/2016,0.0,6.0,1.833720032157898,-4.166279967842102,5.0,-1.0
11/12/2016,0.52,32.00000000000001,0.7225948133505881,-31.277405186649418,6.0,-26.000000000000007
18/12/2016,1.0,1.0000000000000002,7.851848624562025,6.851848624562025,32.00000000000001,31.000000000000007
25/12/2016,0.0,4.000000000000001,6.201827219081521,2.20182721908152,1.0000000000000002,-3.000000000000001
01/01/2017,0.27,0.0,11.585091760934592,11.585091760934592,4.000000000000001,4.000000000000001
08/01/2017,0.01,1.0000000000000002,0.8088894268499315,-0.19111057315006874,0.0,-1.0000000000000002
15/01/2017,0.09,0.0,-0.0010057594067986065,-0.0010057594067986065,1.0000000000000002,1.0000000000000002
22/01/2017,0.0,5.0,0.4518624886029214,-4.548137511397079,0.0,-5.0
29/01/2017,0.0,2.0000000000000004,0.7114705653143674,-1.288529434685633,5.0,2.9999999999999996
05/02/2017,0.0,3.0,0.48797329003892836,-2.512026709961072,2.0000000000000004,-0.9999999999999996
12/02/2017,0.0,1.0000000000000002,1.033152655152753,0.033152655152752786,3.0,1.9999999999999998
19/02/2017,0.0,4.000000000000001,0.4225450380001403,-3.5774549619998606,1.0000000000000002,-3.000000000000001
26/02/2017,0.38,1.0000000000000002,0.7461420861639082,-0.253857913836092,4.000000000000001,3.000000000000001
05/03/2017,0.75,3.0,0.5840440823270381,-2.415955917672962,1.0000000000000002,-1.9999999999999998
12/03/2017,0.0,0.0,0.9572990632255375,0.9572990632255375,3.0,3.0
19/03/2017,0.56,4.000000000000001,0.7461581466322392,-3.2538418533677618,0.0,-4.000000000000001
26/03/2017,1.0,0.0,0.4867783002867922,0.4867783002867922,4.000000000000001,4.000000000000001
02/04/2017,0.0,0.0,-0.0010057594067986065,-0.0010057594067986065,0.0,0.0
09/04/2017,0.0,3.0,0.8339395655630156,-2.1660604344369845,0.0,-3.0
16/04/2017,0.38,0.0,-0.0010057594067986065,-0.0010057594067986065,3.0,3.0
23/04/2017,0.21,0.0,-0.0010057594067986065,-0.0010057594067986065,0.0,0.0
30/04/2017,0.0,0.0,0.844397102145031,0.844397102145031,0.0,0.0
07/05/2017,1.0,0.0,0.4466144022957608,0.4466144022957608,0.0,0.0
14/05/2017,0.0,1.0000000000000002,-0.0010057594067986065,-1.001005759406799,0.0,-1.0000000000000002
21/05/2017,0.0,6.0,-0.0010057594067986065,-6.001005759406799,1.0000000000000002,-5.0
28/05/2017,0.0,-5.0,0.6884987926162407,5.68849879261624,6.0,11.0
04/06/2017,0.0,1.0000000000000002,-0.0010057594067986065,-1.001005759406799,-5.0,-6.0
11/06/2017,0.55,4.000000000000001,0.661799223603718,-3.338200776396283,1.0000000000000002,-3.000000000000001
18/06/2017,0.0,5.0,-0.0010057594067986065,-5.001005759406799,4.000000000000001,-0.9999999999999991
25/06/2017,0.56,-13.0,2.1435345470012725,15.143534547001273,5.0,18.0
02/07/2017,0.0,2.0000000000000004,0.0775902752662776,-1.9224097247337228,-13.0,-15.0
09/07/2017,0.0,0.0,-0.0010057594067986065,-0.0010057594067986065,2.0000000000000004,2.0000000000000004
16/07/2017,0.0,3.0,-0.0010057594067986065,-3.0010057594067985,0.0,-3.0
23/07/2017,0.31,0.0,2.0612453536981343,2.0612453536981343,3.0,3.0
30/07/2017,0.32,0.0,0.4617437675004825,0.4617437675004825,0.0,0.0
06/08/2017,0.0,2.0000000000000004,0.71023840416383,-1.2897615958361706,0.0,-2.0000000000000004
13/08/2017,0.0,0.0,0.5917143195797503,0.5917143195797503,2.0000000000000004,2.0000000000000004
20/08/2017,0.99,1.0000000000000002,0.22520678081726656,-0.7747932191827337,0.0,-1.0000000000000002
27/08/2017,0.69,-3.0,-0.0010057594067986065,2.9989942405932015,1.0000000000000002,4.0
03/09/2017,0.0,20.0,-0.0010057594067986065,-20.001005759406798,-3.0,-23.0
10/09/2017,0.0,-16.000000000000004,0.451247291858457,16.45124729185846,20.0,36.0
17/09/2017,0.0,0.0,-0.0010057594067986065,-0.0010057594067986065,-16.000000000000004,-16.000000000000004
24/09/2017,1.0,0.0,2.9908420282281933,2.9908420282281933,0.0,0.0
01/10/2017,0.12,0.0,-0.0010057594067986065,-0.0010057594067986065,0.0,0.0
08/10/2017,0.0,0.0,-0.0010057594067986065,-0.0010057594067986065,0.0,0.0
15/10/2017,0.0,0.0,0.5208360890257732,0.5208360890257732,0.0,0.0
22/10/2017,0.0,0.0,-0.0010057594067986065,-0.0010057594067986065,0.0,0.0
29/10/2017,0.0,0.0,0.4436880132501572,0.4436880132501572,0.0,0.0
05/11/2017,1.0,0.0,0.41849593130989,0.41849593130989,0.0,0.0
12/11/2017,0.1,2.0000000000000004,-0.0010057594067986065,-2.001005759406799,0.0,-2.0000000000000004
19/11/2017,0.0,-2.0000000000000004,0.026782873222373892,2.0267828732223743,2.0000000000000004,4.000000000000001
26/11/2017,0.28,0.0,0.5061406594936922,0.5061406594936922,-2.0000000000000004,-2.0000000000000004
03/12/2017,0.0,1.0000000000000002,-0.0010057594067986065,-1.001005759406799,0.0,-1.0000000000000002
10/12/2017,0.04,4.000000000000001,-0.0010057594067986065,-4.0010057594068,1.0000000000000002,-3.000000000000001
17/12/2017,0.0,4.000000000000001,0.813648931488432,-3.186351068511569,4.000000000000001,0.0
24/12/2017,0.65,3.0,1.7291869892071188,-1.2708130107928812,4.000000000000001,1.0000000000000009
