Date,Searches,Observed,LSTM-Prediction,LSTMError,Naive-Prediction,NaiveError
31/01/2016,0.79,615.0,127.87067375993729,-487.1293262400627,872.9999999999999,257.9999999999999
07/02/2016,0.93,159.0,219.59484326105118,60.59484326105118,615.0,456.0
14/02/2016,0.69,846.0,83.9014017413807,-762.0985982586193,159.0,-687.0
21/02/2016,0.86,416.99999999999994,72.67380587386131,-344.3261941261386,846.0,429.00000000000006
28/02/2016,1.0,42.0,91.94628058712006,49.94628058712006,416.99999999999994,374.99999999999994
06/03/2016,0.91,589.0,142.39161913629533,-446.60838086370467,42.0,-547.0
13/03/2016,1.0,345.0,75.63307549006463,-269.36692450993536,589.0,244.0
20/03/2016,0.21,90.0,85.76518477738381,-4.2348152226161915,345.0,255.0
27/03/2016,0.19,281.99999999999994,67.77291764305114,-214.2270823569488,90.0,-191.99999999999994
03/04/2016,0.68,236.0,52.307637531785964,-183.69236246821404,281.99999999999994,45.99999999999994
10/04/2016,0.54,163.0,6.274529897497892,-156.7254701025021,236.0,73.0
17/04/2016,0.28,193.0,31.380520510487557,-161.61947948951246,163.0,-30.0
24/04/2016,0.64,137.0,25.553507417109014,-111.44649258289098,193.0,56.0
01/05/2016,0.14,124.0,16.425633893084527,-107.57436610691548,137.0,13.0
08/05/2016,0.29,89.0,22.6857874430418,-66.3142125569582,124.0,35.0
15/05/2016,0.19,122.0,25.400599553887844,-96.59940044611216,89.0,-33.0
22/05/2016,0.06,79.0,16.690448447577953,-62.30955155242205,122.0,43.0
29/05/2016,0.11,89.0,12.287968804330825,-76.71203119566917,79.0,-10.0
05/06/2016,0.11,55.99999999999999,17.589400359683037,-38.41059964031696,89.0,33.00000000000001
12/06/2016,0.06,23.0,22.86189791026354,-0.13810208973646,55.99999999999999,32.99999999999999
19/06/2016,0.05,48.0,30.86003746810913,-17.13996253189087,23.0,-25.0
26/06/2016,0.46,43.0,12.286878427997827,-30.713121572002173,48.0,5.0
03/07/2016,0.0,26.0,0.8801281259937584,-25.119871874006243,43.0,17.0
10/07/2016,0.08,26.0,4.46665320091486,-21.53334679908514,26.0,0.0
17/07/2016,0.24,32.0,3.7244326040685176,-28.275567395931482,26.0,-6.0
24/07/2016,0.0,18.0,1.0652046092285217,-16.934795390771477,32.0,14.0
31/07/2016,0.13,22.0,1.413458974494487,-20.586541025505515,18.0,-4.0
07/08/2016,0.92,17.0,1.5525541450692713,-15.447445854930729,22.0,5.0
14/08/2016,0.94,3.0,0.3111121885592863,-2.6888878114407135,17.0,14.0
21/08/2016,0.0,9.0,2.5712719149661063,-6.428728085033894,3.0,-6.0
28/08/2016,0.0,13.999999999999998,2.6583181937253477,-11.34168180627465,9.0,-4.999999999999998
04/09/2016,0.19,52.0,0.003983675164473243,-51.99601632483553,13.999999999999998,-38.0
11/09/2016,0.47,26.999999999999996,8.756731748224496,-18.2432682517755,52.0,25.000000000000004
18/09/2016,0.0,3.0,10.328508812543154,7.328508812543154,26.999999999999996,23.999999999999996
25/09/2016,0.45,9.999999999999998,12.844962246232033,2.8449622462320345,3.0,-6.999999999999998
02/10/2016,0.0,12.0,5.865469214487076,-6.134530785512924,9.999999999999998,-2.0000000000000018
09/10/2016,0.51,6.0,0.08185896444641054,-5.91814103555359,12.0,6.0
16/10/2016,0.0,4.999999999999999,0.8510460201641172,-4.148953979835882,6.0,1.0000000000000009
23/10/2016,0.0,37.0,0.3407846788223088,-36.65921532117769,4.999999999999999,-32.0
30/10/2016,0.0,9.0,1.6053659435743093,-7.394634056425691,37.0,28.0
06/11/2016,0.95,11.0,10.050981594798564,-0.9490184052014357,9.0,-2.0
13/11/2016,0.0,13.999999999999998,2.0289935171800852,-11.971006482819913,11.0,-2.9999999999999982
20/11/2016,0.0,3.0,0.37114476615078745,-2.6288552338492126,13.999999999999998,10.999999999999998
27/11/2016,0.0,3.0,1.098319439189285,-1.901680560810715,3.0,0.0
04/12/2016,0.2,2.0,1.9606865602377057,-0.03931343976229429,3.0,1.0
11/12/2016,0.0,30.0,0.8065698507390171,-29.193430149260983,2.0,-28.0
18/12/2016,0.96,6.999999999999999,2.4545789836239815,-4.545421016376018,30.0,23.0
25/12/2016,0.0,4.999999999999999,6.022821263616681,1.0228212636166818,6.999999999999999,2.0
01/01/2017,0.0,1.0,4.865331385955811,3.8653313859558107,4.999999999999999,3.999999999999999
08/01/2017,0.01,6.0,0.33429399126000703,-5.665706008739993,1.0,-5.0
15/01/2017,0.09,6.0,0.16021587398814038,-5.8397841260118595,6.0,0.0
22/01/2017,0.0,13.0,0.05513434363802895,-12.944865656361971,6.0,-7.0
29/01/2017,0.0,2.0,0.003983675164473243,-1.9960163248355267,13.0,11.0
05/02/2017,0.2,4.0,0.14084662428326905,-3.859153375716731,2.0,-2.0
12/02/2017,0.0,4.0,0.01871765816804487,-3.981282341831955,4.0,0.0
19/02/2017,0.66,4.999999999999999,1.6217313465560972,-3.378268653443902,4.0,-0.9999999999999991
26/02/2017,0.0,2.0,1.5682293541020156,-0.4317706458979844,4.999999999999999,2.999999999999999
05/03/2017,0.0,-1.0,2.9924069000262024,3.9924069000262024,2.0,3.0
12/03/2017,0.0,4.0,0.1108076848917827,-3.8891923151082173,-1.0,-5.0
19/03/2017,0.0,1.0,0.016667631703754886,-0.9833323682962452,4.0,3.0
26/03/2017,0.0,2.0,0.003983675164473243,-1.9960163248355267,1.0,-1.0
02/04/2017,1.0,0.0,1.0339969935292006,1.0339969935292006,2.0,2.0
09/04/2017,0.0,6.999999999999999,0.003983675164473243,-6.996016324835526,0.0,-6.999999999999999
16/04/2017,0.0,6.0,1.0969661218352615,-4.903033878164738,6.999999999999999,0.9999999999999991
23/04/2017,0.21,1.0,0.12111832263348624,-0.8788816773665138,6.0,5.0
30/04/2017,0.28,3.0,1.5523297113725543,-1.4476702886274457,1.0,-2.0
07/05/2017,0.0,1.0,0.4836734503889829,-0.5163265496110171,3.0,2.0
14/05/2017,0.0,2.0,1.1674329514503479,-0.8325670485496521,1.0,-1.0
21/05/2017,0.0,6.999999999999999,1.0354649934594333,-5.964535006540566,2.0,-4.999999999999999
28/05/2017,0.0,-6.0,0.32988317137099804,6.329883171370998,6.999999999999999,13.0
04/06/2017,0.0,2.0,0.003983675164473243,-1.9960163248355267,-6.0,-8.0
11/06/2017,0.0,0.0,0.02397522605126258,0.02397522605126258,2.0,2.0
18/06/2017,0.0,3.0,0.003983675164473243,-2.996016324835527,0.0,-3.0
25/06/2017,0.0,-6.0,3.2243055615803597,9.22430556158036,3.0,9.0
02/07/2017,0.0,4.0,0.003983675164473243,-3.996016324835527,-6.0,-10.0
09/07/2017,0.0,1.0,0.9556473893620073,-0.04435261063799267,4.0,3.0
16/07/2017,0.0,4.0,0.003983675164473243,-3.996016324835527,1.0,-3.0
23/07/2017,0.0,0.0,2.646208007466495,2.646208007466495,4.0,4.0
30/07/2017,0.0,1.0,0.18398799554437398,-0.816012004455626,0.0,-1.0
06/08/2017,0.31,3.0,0.15767833837147802,-2.842321661628522,1.0,-2.0
13/08/2017,0.84,3.0,1.356078234744221,-1.643921765255779,3.0,0.0
20/08/2017,0.0,0.0,0.6086553193687647,0.6086553193687647,3.0,3.0
27/08/2017,0.39,-1.0,0.02819216825132258,1.0281921682513226,0.0,1.0
03/09/2017,0.0,-4.999999999999999,0.003983675164473243,5.003983675164473,-1.0,3.999999999999999
10/09/2017,0.0,6.0,0.003983675164473243,-5.9960163248355265,-4.999999999999999,-11.0
17/09/2017,0.57,1.0,2.7044751501479745,1.7044751501479745,6.0,5.0
24/09/2017,0.0,4.0,0.6743798723169416,-3.3256201276830586,1.0,-3.0
01/10/2017,0.14,1.0,1.258091049350351,0.258091049350351,4.0,3.0
08/10/2017,0.57,1.0,0.003983675164473243,-0.9960163248355267,1.0,0.0
15/10/2017,1.0,2.0,1.8641964388853312,-0.13580356111466885,1.0,-1.0
22/10/2017,0.0,-2.0,0.003983675164473243,2.003983675164473,2.0,4.0
29/10/2017,0.65,0.0,0.003983675164473243,0.003983675164473243,-2.0,-2.0
05/11/2017,0.0,2.0,0.003983675164473243,-1.9960163248355267,0.0,-2.0
12/11/2017,0.0,6.0,0.003983675164473243,-5.9960163248355265,2.0,-4.0
19/11/2017,0.0,-1.0,1.7901150620901585,2.7901150620901585,6.0,7.0
26/11/2017,0.36,-1.0,1.8918193059879542,2.891819305987954,-1.0,0.0
03/12/2017,0.0,2.0,0.003983675164473243,-1.9960163248355267,-1.0,-3.0
10/12/2017,0.0,2.0,0.11976066402457654,-1.8802393359754235,2.0,0.0
17/12/2017,0.0,-1.0,1.0689745497255028,2.0689745497255028,2.0,3.0
24/12/2017,0.0,2.0,0.3895651696781814,-1.6104348303218186,-1.0,-3.0
