Date,Searches,Observed,P-LSTM-Prediction,P-LSTM-Error,Naive-Prediction,NaiveError
31/01/2016,0.79,615.0,320.83601213661194,-294.16398786338806,872.9999999999999,257.9999999999999
07/02/2016,0.93,159.0,421.54218312179563,262.54218312179563,615.0,456.0
14/02/2016,0.69,846.0,114.06222174575805,-731.937778254242,159.0,-687.0
21/02/2016,0.86,416.99999999999994,347.5876257399368,-69.41237426006313,846.0,429.00000000000006
28/02/2016,1.0,42.0,261.61919279953,219.61919279953003,416.99999999999994,374.99999999999994
06/03/2016,0.91,589.0,90.32067804783821,-498.6793219521618,42.0,-547.0
13/03/2016,1.0,345.0,307.41227242492675,-37.587727575073245,589.0,244.0
20/03/2016,0.21,90.0,182.18270335027694,92.18270335027694,345.0,255.0
27/03/2016,0.19,281.99999999999994,68.70938890953065,-213.2906110904693,90.0,-191.99999999999994
03/04/2016,0.68,236.0,213.0937492779732,-22.90625072202681,281.99999999999994,45.99999999999994
10/04/2016,0.54,163.0,156.32205899629594,-6.677941003704063,236.0,73.0
17/04/2016,0.28,193.0,92.68443934326172,-100.31556065673828,163.0,-30.0
24/04/2016,0.64,137.0,195.33715116539003,58.337151165390026,193.0,56.0
01/05/2016,0.14,124.0,95.26015838202477,-28.73984161797523,137.0,13.0
08/05/2016,0.29,89.0,105.71881313706398,16.718813137063975,124.0,35.0
15/05/2016,0.19,122.0,61.869225659742355,-60.130774340257645,89.0,-33.0
22/05/2016,0.06,79.0,123.37244749097825,44.372447490978246,122.0,43.0
29/05/2016,0.11,89.0,18.72971743964672,-70.27028256035328,79.0,-10.0
05/06/2016,0.11,55.99999999999999,51.154094917178156,-4.845905082821837,89.0,33.00000000000001
12/06/2016,0.06,23.0,12.958303466490507,-10.041696533509493,55.99999999999999,32.99999999999999
19/06/2016,0.05,48.0,-9.665308183065653,-57.665308183065655,23.0,-25.0
26/06/2016,0.46,43.0,31.946579436912536,-11.053420563087464,48.0,5.0
03/07/2016,0.0,26.0,20.846773325309755,-5.153226674690245,43.0,17.0
10/07/2016,0.08,26.0,1.8924337443834542,-24.107566255616547,26.0,0.0
17/07/2016,0.24,32.0,10.804773275363445,-21.195226724636555,26.0,-6.0
24/07/2016,0.0,18.0,21.987087047686575,3.9870870476865754,32.0,14.0
31/07/2016,0.13,22.0,4.373580053740739,-17.62641994625926,18.0,-4.0
07/08/2016,0.92,17.0,13.14835295556426,-3.8516470444357402,22.0,5.0
14/08/2016,0.94,3.0,8.135776276627778,5.135776276627778,17.0,14.0
21/08/2016,0.0,9.0,-5.501772048153877,-14.501772048153878,3.0,-6.0
28/08/2016,0.0,13.999999999999998,8.490406279643773,-5.509593720356225,9.0,-4.999999999999998
04/09/2016,0.19,52.0,12.852347258532047,-39.14765274146795,13.999999999999998,-38.0
11/09/2016,0.47,26.999999999999996,67.2744973039341,40.2744973039341,52.0,25.000000000000004
18/09/2016,0.0,3.0,2.7411276175647976,-0.2588723824352024,26.999999999999996,23.999999999999996
25/09/2016,0.45,9.999999999999998,-13.437206992583274,-23.43720699258327,3.0,-6.999999999999998
02/10/2016,0.0,12.0,4.465804570835829,-7.534195429164171,9.999999999999998,-2.0000000000000018
09/10/2016,0.51,6.0,8.958842528698444,2.958842528698444,12.0,6.0
16/10/2016,0.0,4.999999999999999,0.20049357777759433,-4.799506422222405,6.0,1.0000000000000009
23/10/2016,0.0,37.0,2.539545027473867,-34.460454972526136,4.999999999999999,-32.0
30/10/2016,0.0,9.0,45.90107304918289,36.90107304918289,37.0,28.0
06/11/2016,0.95,11.0,-4.730085269018412,-15.730085269018412,9.0,-2.0
13/11/2016,0.0,13.999999999999998,1.9756242543315887,-12.02437574566841,11.0,-2.9999999999999982
20/11/2016,0.0,3.0,9.442881483894586,6.4428814838945865,13.999999999999998,10.999999999999998
27/11/2016,0.0,3.0,-2.8110457965019346,-5.811045796501935,3.0,0.0
04/12/2016,0.2,2.0,2.115316865518391,0.11531686551839115,3.0,1.0
11/12/2016,0.0,30.0,1.3576312235918642,-28.642368776408137,2.0,-28.0
18/12/2016,0.96,6.999999999999999,35.94575749801159,28.945757498011588,30.0,23.0
25/12/2016,0.0,4.999999999999999,-6.3323643311727045,-11.332364331172704,6.999999999999999,2.0
01/01/2017,0.0,1.0,-2.269021735920608,-3.269021735920608,4.999999999999999,3.999999999999999
08/01/2017,0.01,6.0,-0.7550870795455575,-6.755087079545557,1.0,-5.0
15/01/2017,0.09,6.0,7.0712181077945235,1.0712181077945235,6.0,0.0
22/01/2017,0.0,13.0,3.882246741089821,-9.117753258910179,6.0,-7.0
29/01/2017,0.0,2.0,10.474866863195896,8.474866863195896,13.0,11.0
05/02/2017,0.2,4.0,-2.5648360505017638,-6.564836050501764,2.0,-2.0
12/02/2017,0.0,4.0,2.1516205636000634,-1.8483794363999366,4.0,0.0
19/02/2017,0.66,4.999999999999999,2.979358478088975,-2.020641521911024,4.0,-0.9999999999999991
26/02/2017,0.0,2.0,3.2973316068553924,1.2973316068553924,4.999999999999999,2.999999999999999
05/03/2017,0.0,-1.0,0.20206178069069983,1.2020617806907,2.0,3.0
12/03/2017,0.0,4.0,-1.4783904024714232,-5.478390402471423,-1.0,-5.0
19/03/2017,0.0,1.0,5.488831908392906,4.488831908392906,4.0,3.0
26/03/2017,0.0,2.0,-0.004802398456633091,-2.004802398456633,1.0,-1.0
02/04/2017,1.0,0.0,1.276064316740036,1.276064316740036,2.0,2.0
09/04/2017,0.0,6.999999999999999,-0.5939944688040019,-7.593994468804001,0.0,-6.999999999999999
16/04/2017,0.0,6.0,7.712996493704319,1.7129964937043187,6.999999999999999,0.9999999999999991
23/04/2017,0.21,1.0,3.3155081131747366,2.3155081131747366,6.0,5.0
30/04/2017,0.28,3.0,-0.7809818386608363,-3.7809818386608365,1.0,-2.0
07/05/2017,0.0,1.0,2.5828413198912146,1.5828413198912146,3.0,2.0
14/05/2017,0.0,2.0,0.36477799452856186,-1.6352220054714381,1.0,-1.0
21/05/2017,0.0,6.999999999999999,1.8228355854439735,-5.177164414556025,2.0,-4.999999999999999
28/05/2017,0.0,-6.0,6.692665298396349,12.69266529839635,6.999999999999999,13.0
04/06/2017,0.0,2.0,-6.859182300560474,-8.859182300560473,-6.0,-8.0
11/06/2017,0.0,0.0,3.393449036066234,3.393449036066234,2.0,2.0
18/06/2017,0.0,3.0,0.4267079497012496,-2.5732920502987504,0.0,-3.0
25/06/2017,0.0,-6.0,2.5120594017341733,8.512059401734174,3.0,9.0
02/07/2017,0.0,4.0,-5.487369679315091,-9.48736967931509,-6.0,-10.0
09/07/2017,0.0,1.0,5.9533926628136635,4.9533926628136635,4.0,3.0
16/07/2017,0.0,4.0,0.41800954385347666,-3.5819904561465234,1.0,-3.0
23/07/2017,0.0,0.0,2.8270734472304584,2.8270734472304584,4.0,4.0
30/07/2017,0.0,1.0,-0.9425218478515744,-1.9425218478515744,0.0,-1.0
06/08/2017,0.31,3.0,0.8251118094032258,-2.174888190596774,1.0,-2.0
13/08/2017,0.84,3.0,2.9813602294054626,-0.018639770594537364,3.0,0.0
20/08/2017,0.0,0.0,1.8009122220373153,1.8009122220373153,3.0,3.0
27/08/2017,0.39,-1.0,-1.0384730765128136,-0.03847307651281362,0.0,1.0
03/09/2017,0.0,-4.999999999999999,0.13562468485593795,5.135624684855937,-1.0,3.999999999999999
10/09/2017,0.0,6.0,-2.310895460754931,-8.310895460754931,-4.999999999999999,-11.0
17/09/2017,0.57,1.0,8.723916373041869,7.7239163730418685,6.0,5.0
24/09/2017,0.0,4.0,-0.86126153064996,-4.86126153064996,1.0,-3.0
01/10/2017,0.14,1.0,2.8437262386626005,1.8437262386626005,4.0,3.0
08/10/2017,0.57,1.0,-0.031617975768446924,-1.031617975768447,1.0,0.0
15/10/2017,1.0,2.0,1.229661941702813,-0.770338058297187,1.0,-1.0
22/10/2017,0.0,-2.0,2.2523641179573537,4.252364117957354,2.0,4.0
29/10/2017,0.65,0.0,-1.8845868540409207,-1.8845868540409207,-2.0,-2.0
05/11/2017,0.0,2.0,3.113357881055176,1.113357881055176,0.0,-2.0
12/11/2017,0.0,6.0,4.489410924656391,-1.510589075343609,2.0,-4.0
19/11/2017,0.0,-1.0,5.43509624887824,6.43509624887824,6.0,7.0
26/11/2017,0.36,-1.0,-2.429100565279424,-1.4291005652794242,-1.0,0.0
03/12/2017,0.0,2.0,-0.8738866867935657,-2.8738866867935657,-1.0,-3.0
10/12/2017,0.0,2.0,3.0874020558288695,1.0874020558288695,2.0,0.0
17/12/2017,0.0,-1.0,1.50481146332711,2.50481146332711,2.0,3.0
24/12/2017,0.0,2.0,-1.272294376243055,-3.272294376243055,-1.0,-3.0
