Date,Searches,Observed,LSTM-Prediction,LSTMError,Naive-Prediction,NaiveError
01/02/2016,0.5,219.0,37.920337504447104,-181.0796624955529,79.0,-140.0
08/02/2016,0.4,219.0,178.36957646087407,-40.63042353912593,219.0,0.0
15/02/2016,0.49,220.0,149.52163828103005,-70.47836171896995,219.0,-1.0
22/02/2016,0.37,357.0,182.62305320417582,-174.37694679582418,220.0,-137.0
29/02/2016,0.47,357.0,290.3634396971226,-66.6365603028774,357.0,0.0
07/03/2016,0.47,357.0,333.8380454707539,-23.16195452924609,357.0,0.0
14/03/2016,0.41,356.0,268.27586788232804,-87.72413211767196,357.0,1.0
21/03/2016,0.49,356.0,294.014929098562,-61.98507090143801,356.0,0.0
28/03/2016,0.37,403.0,327.6895309064984,-75.31046909350158,356.0,-47.0
04/04/2016,0.34,403.0,315.3531514567995,-87.64684854320052,403.0,0.0
11/04/2016,0.28,404.00000000000006,354.456807414211,-49.54319258578903,403.0,-1.0000000000000568
18/04/2016,0.27,225.0,330.5172170332861,105.5172170332861,404.00000000000006,179.00000000000006
25/04/2016,0.2,225.0,180.0151805518931,-44.98481944810689,225.0,0.0
02/05/2016,0.22,225.0,191.88207088944017,-33.11792911055983,225.0,0.0
09/05/2016,0.15,226.99999999999997,233.40126942860127,6.401269428601296,225.0,-1.9999999999999716
16/05/2016,0.33,-2.0,197.61776994279026,199.61776994279026,226.99999999999997,228.99999999999997
23/05/2016,0.16,-2.0,-3.2214501454196314,-1.2214501454196314,-2.0,0.0
30/05/2016,0.18,-2.0,-2.950738616297487,-0.9507386162974871,-2.0,0.0
06/06/2016,0.14,-2.0,5.9556872389805315,7.9556872389805315,-2.0,0.0
13/06/2016,0.12,-2.0,-0.576312576020183,1.423687423979817,-2.0,0.0
20/06/2016,0.17,3.0000000000000004,0.6202694332177006,-2.3797305667822997,-2.0,-5.0
27/06/2016,0.2,53.0,1.5201123654109798,-51.47988763458902,3.0000000000000004,-50.0
04/07/2016,0.17,53.0,24.908321573917195,-28.091678426082805,53.0,0.0
11/07/2016,0.19,53.0,6.940186111048535,-46.05981388895147,53.0,0.0
18/07/2016,0.23,53.0,7.691885768226385,-45.308114231773615,53.0,0.0
25/07/2016,0.21,53.0,16.403125278056635,-36.596874721943365,53.0,0.0
01/08/2016,0.31,53.0,8.363802917981968,-44.63619708201803,53.0,0.0
08/08/2016,0.2,-61.0,16.200819874223694,77.2008198742237,53.0,114.0
15/08/2016,0.22,-120.0,-4.060919884288386,115.93908011571162,-61.0,59.0
22/08/2016,0.2,10.000000000000002,-4.060919884288386,-14.060919884288388,-120.0,-130.0
29/08/2016,0.19,11.000000000000002,156.9643456663513,145.9643456663513,10.000000000000002,-1.0
05/09/2016,0.19,9.000000000000002,-1.6567566245225631,-10.656756624522565,11.000000000000002,2.0
12/09/2016,0.34,9.000000000000002,-4.060919884288386,-13.060919884288388,9.000000000000002,0.0
19/09/2016,0.21,9.000000000000002,1.4485232218042017,-7.5514767781958,9.000000000000002,0.0
26/09/2016,0.21,1.0,-1.4802799087132328,-2.480279908713233,9.000000000000002,8.000000000000002
03/10/2016,0.1,5.000000000000001,1.49676533133097,-3.503234668669031,1.0,-4.000000000000001
10/10/2016,0.2,6.000000000000001,0.9966585144151189,-5.003341485584882,5.000000000000001,-1.0
17/10/2016,0.33,16.0,3.491862229752168,-12.508137770247831,6.000000000000001,-10.0
24/10/2016,0.3,16.0,1.1651094378971123,-14.834890562102888,16.0,0.0
31/10/2016,0.16,12.000000000000002,-0.4274584871107712,-12.427458487110773,16.0,3.9999999999999982
07/11/2016,0.17,12.000000000000002,1.0835458009478822,-10.916454199052119,12.000000000000002,0.0
14/11/2016,0.54,14.0,4.233442080968768,-9.766557919031232,12.000000000000002,-1.9999999999999982
21/11/2016,0.25,17.000000000000004,3.7580699076488613,-13.241930092351142,14.0,-3.0000000000000036
28/11/2016,0.18,19.000000000000004,-4.060919884288386,-23.06091988428839,17.000000000000004,-2.0
05/12/2016,0.16,10.000000000000002,6.582056862337142,-3.41794313766286,19.000000000000004,9.000000000000002
12/12/2016,0.22,19.000000000000004,3.407533873237744,-15.59246612676226,10.000000000000002,-9.000000000000002
19/12/2016,0.27,16.0,3.9096301290994138,-12.090369870900586,19.000000000000004,3.0000000000000036
26/12/2016,0.26,3.0000000000000004,1.5367598997941985,-1.463240100205802,16.0,13.0
02/01/2017,0.15,6.000000000000001,-1.5012740123110917,-7.501274012311093,3.0000000000000004,-3.0000000000000004
09/01/2017,0.31,6.000000000000001,1.184703962587025,-4.815296037412976,6.000000000000001,0.0
16/01/2017,0.19,6.000000000000001,3.152459829804562,-2.847540170195439,6.000000000000001,0.0
23/01/2017,0.12,6.000000000000001,-2.09323856328425,-8.09323856328425,6.000000000000001,0.0
30/01/2017,0.26,30.0,2.583398815439008,-27.416601184560992,6.000000000000001,-24.0
06/02/2017,0.31,30.0,7.052937783791609,-22.94706221620839,30.0,0.0
13/02/2017,0.34,30.0,1.7562961883788928,-28.243703811621106,30.0,0.0
20/02/2017,0.23,34.00000000000001,2.3084123234649563,-31.69158767653505,30.0,-4.000000000000007
27/02/2017,0.29,34.00000000000001,3.901056684590243,-30.098943315409763,34.00000000000001,0.0
06/03/2017,0.09,35.0,6.746260121580586,-28.253739878419413,34.00000000000001,-0.9999999999999929
13/03/2017,0.06,25.000000000000004,3.7233208727370948,-21.27667912726291,35.0,9.999999999999996
20/03/2017,0.1,25.000000000000004,18.070855525170565,-6.929144474829439,25.000000000000004,0.0
27/03/2017,0.08,25.000000000000004,5.690459791292734,-19.30954020870727,25.000000000000004,0.0
03/04/2017,0.11,25.000000000000004,4.73671847688485,-20.263281523115154,25.000000000000004,0.0
10/04/2017,0.09,27.0,5.438713658817261,-21.56128634118274,25.000000000000004,-1.9999999999999964
17/04/2017,0.08,3.0000000000000004,4.7970089344119655,1.797008934411965,27.0,24.0
24/04/2017,0.11,3.0000000000000004,1.287930939140059,-1.7120690608599414,3.0000000000000004,0.0
01/05/2017,0.11,3.0000000000000004,2.0032831225993486,-0.9967168774006518,3.0000000000000004,0.0
08/05/2017,0.05,3.0000000000000004,1.7300756602589227,-1.2699243397410778,3.0000000000000004,0.0
15/05/2017,0.07,5.000000000000001,1.4301705740327575,-3.569829425967243,3.0000000000000004,-2.0000000000000004
22/05/2017,0.1,5.000000000000001,3.087654601606652,-1.9123453983933487,5.000000000000001,0.0
29/05/2017,0.14,5.000000000000001,1.724938901182227,-3.275061098817774,5.000000000000001,0.0
05/06/2017,0.08,5.000000000000001,1.3240797629491055,-3.6759202370508954,5.000000000000001,0.0
12/06/2017,0.03,5.000000000000001,0.8840966720295511,-4.11590332797045,5.000000000000001,0.0
19/06/2017,0.07,6.000000000000001,2.856106923144311,-3.14389307685569,5.000000000000001,-1.0
26/06/2017,0.16,-10.000000000000002,3.2169223554101585,13.21692235541016,6.000000000000001,16.000000000000004
03/07/2017,0.1,-10.000000000000002,-1.8260949629280343,8.173905037071968,-10.000000000000002,0.0
10/07/2017,0.19,-10.000000000000002,-1.9672928407371137,8.032707159262888,-10.000000000000002,0.0
17/07/2017,0.28,-10.000000000000002,0.5003357052893936,10.500335705289395,-10.000000000000002,0.0
24/07/2017,0.05,-10.000000000000002,-2.9023572838425915,7.09764271615741,-10.000000000000002,0.0
31/07/2017,0.04,-10.000000000000002,-2.9598958311538586,7.040104168846144,-10.000000000000002,0.0
07/08/2017,0.19,4.0,2.7820315058285927,-1.2179684941714073,-10.000000000000002,-14.000000000000002
14/08/2017,0.12,8.0,2.7811991081104988,-5.218800891889501,4.0,-4.0
21/08/2017,0.06,-3.0000000000000004,-0.9918718075574097,2.008128192442591,8.0,11.0
28/08/2017,0.09,-2.0,0.33067104345962406,2.330671043459624,-3.0000000000000004,-1.0000000000000004
04/09/2017,0.05,-5.000000000000001,1.7963373744741642,6.796337374474165,-2.0,3.000000000000001
11/09/2017,0.28,-5.000000000000001,0.0748548977217637,5.074854897721765,-5.000000000000001,0.0
18/09/2017,0.21,-5.000000000000001,1.1016414217750914,6.101641421775092,-5.000000000000001,0.0
25/09/2017,0.53,1.0,-4.060919884288386,-5.060919884288386,-5.000000000000001,-6.000000000000001
02/10/2017,0.19,0.0,2.640656187032685,2.640656187032685,1.0,1.0
09/10/2017,0.18,0.0,-4.060919884288386,-4.060919884288386,0.0,0.0
16/10/2017,0.21,16.0,4.384169904701225,-11.615830095298776,0.0,-16.0
23/10/2017,0.23,17.000000000000004,4.246710886975564,-12.75328911302444,16.0,-1.0000000000000036
30/10/2017,0.21,3.0000000000000004,1.8063013683499396,-1.1936986316500608,17.000000000000004,14.000000000000004
06/11/2017,0.27,3.0000000000000004,-1.174984396295473,-4.174984396295473,3.0000000000000004,0.0
13/11/2017,0.12,17.000000000000004,0.7939012135364302,-16.206098786463574,3.0000000000000004,-14.000000000000004
20/11/2017,0.26,11.000000000000002,2.288201270091813,-8.711798729908189,17.000000000000004,6.000000000000002
27/11/2017,0.13,9.000000000000002,4.038153680704907,-4.961846319295095,11.000000000000002,2.0
04/12/2017,0.18,4.0,-1.5230870743096991,-5.523087074309699,9.000000000000002,5.000000000000002
11/12/2017,0.17,-4.0,3.17867069841519,7.17867069841519,4.0,8.0
18/12/2017,0.14,1.0,-1.547304724166505,-2.547304724166505,-4.0,-5.0
25/12/2017,0.29,15.0,1.166776753205303,-13.833223246794697,1.0,-14.0
