Date,Searches,Observed,H-LSTM-Prediction - No Google,H-LSTM-Error - No Google,Naive-Prediction,NaiveError
31/01/2016,44,636.0,472.75947915060044,-163.24052084939956,412.99999999999994,-223.00000000000006
07/02/2016,62,854.9999999999999,725.1272721255684,-129.87272787443146,636.0,-218.9999999999999
14/02/2016,51,881.0,878.8183656204606,-2.181634379539446,854.9999999999999,-26.000000000000114
21/02/2016,58,980.0,974.9166008551025,-5.0833991448974984,881.0,-99.0
28/02/2016,30,1243.0,1068.0098688856506,-174.99013111434942,980.0,-263.0
06/03/2016,26,1257.0,1302.761426596794,45.76142659679408,1243.0,-14.0
13/03/2016,77,1044.0,1208.0693224286651,164.06932242866515,1257.0,213.0
20/03/2016,30,952.0,975.6724622982407,23.672462298240703,1044.0,92.0
27/03/2016,46,1212.0,934.5806136987495,-277.4193863012505,952.0,-260.0
03/04/2016,56,1525.0,1173.5197669953345,-351.4802330046655,1212.0,-313.0
10/04/2016,70,1531.0,1528.4085056352235,-2.5914943647765085,1525.0,-6.0
17/04/2016,50,1472.0,1461.005903339424,-10.994096660575906,1531.0,59.0
24/04/2016,57,1247.0,1356.7704984942818,109.77049849428181,1472.0,225.0
01/05/2016,28,1077.0,1082.4803478523636,5.480347852363593,1247.0,170.0
08/05/2016,47,1164.0,994.2930517543792,-169.70694824562077,1077.0,-87.0
15/05/2016,43,1260.0,1112.3855350865936,-147.61446491340644,1164.0,-96.0
22/05/2016,23,786.0,1230.9908426901245,444.9908426901245,1260.0,474.0
29/05/2016,22,949.0,717.9524399624348,-231.04756003756518,786.0,-163.0
05/06/2016,36,858.9999999999999,916.2305152875709,57.23051528757105,949.0,90.00000000000011
12/06/2016,27,809.0,806.9641881898117,-2.0358118101883065,858.9999999999999,49.999999999999886
19/06/2016,16,730.0,845.341623075924,115.34162307592396,809.0,79.0
26/06/2016,31,519.0,708.1062667490673,189.10626674906734,730.0,211.0
03/07/2016,4,506.99999999999994,506.9065977608585,-0.09340223914142598,519.0,12.000000000000057
10/07/2016,31,301.0,461.2750488536072,160.2750488536072,506.99999999999994,205.99999999999994
17/07/2016,57,268.0,266.79405536715507,-1.2059446328449326,301.0,33.0
24/07/2016,47,319.0,242.2768227261162,-76.7231772738838,268.0,-51.0
31/07/2016,16,198.0,254.3945619604349,56.39456196043491,319.0,121.0
07/08/2016,39,216.0,198.91318812271595,-17.08681187728405,198.0,-18.0
14/08/2016,22,144.0,195.6828043817234,51.6828043817234,216.0,72.0
21/08/2016,33,110.0,110.00059721358538,0.0005972135853795635,144.0,34.0
28/08/2016,28,80.0,87.96288598311781,7.962885983117815,110.0,30.0
04/09/2016,31,188.0,48.17163712568998,-139.82836287431002,80.0,-108.0
11/09/2016,43,25.0,178.8381813408184,153.8381813408184,188.0,163.0
18/09/2016,33,106.0,16.040502836390733,-89.95949716360927,25.0,-81.0
25/09/2016,30,108.0,95.12380972374201,-12.876190276257987,106.0,-2.0
02/10/2016,15,72.0,86.95750337047576,14.957503370475763,108.0,36.0
09/10/2016,34,34.0,65.80260574811578,31.80260574811578,72.0,38.0
16/10/2016,51,72.0,17.805082383769154,-54.194917616230846,34.0,-38.0
23/10/2016,15,91.0,53.20865290623903,-37.79134709376097,72.0,-19.0
30/10/2016,8,46.0,85.90722223613858,39.90722223613858,91.0,45.0
06/11/2016,54,41.0,39.605069030846956,-1.3949309691530445,46.0,5.0
13/11/2016,22,37.0,28.354326629967094,-8.645673370032906,41.0,4.0
20/11/2016,10,-29.0,20.399845991485417,49.39984599148542,37.0,66.0
27/11/2016,43,96.0,0.15511856591589515,-95.8448814340841,-29.0,-125.0
04/12/2016,13,30.0,90.27859708413362,60.27859708413362,96.0,66.0
11/12/2016,11,85.0,38.054197427436115,-46.945802572563885,30.0,-55.0
18/12/2016,21,26.0,77.5390375224626,51.53903752246261,85.0,59.0
25/12/2016,4,20.0,14.214905516081453,-5.785094483918547,26.0,6.0
01/01/2017,5,12.0,11.65078415949881,-0.3492158405011896,20.0,8.0
08/01/2017,0,15.0,0.15511856591589515,-14.844881434084105,12.0,-3.0
15/01/2017,4,34.0,10.19464134241432,-23.80535865758568,15.0,-19.0
22/01/2017,2,44.0,30.643835010917186,-13.356164989082814,34.0,-10.0
29/01/2017,4,57.0,40.9166514220804,-16.0833485779196,44.0,-13.0
05/02/2017,2,52.0,52.104547441692354,0.10454744169235397,57.0,5.0
12/02/2017,18,45.0,45.73865310984969,0.7386531098496931,52.0,7.0
19/02/2017,15,35.0,37.178434273127316,2.1784342731273156,45.0,10.0
26/02/2017,9,91.0,24.620775869507195,-66.3792241304928,35.0,-56.0
05/03/2017,0,17.0,84.94000666668177,67.94000666668177,91.0,74.0
12/03/2017,39,29.0,11.443201366013586,-17.556798633986414,17.0,-12.0
19/03/2017,38,26.0,20.51015507080078,-5.489844929199219,29.0,3.0
26/03/2017,0,29.0,11.363782018659412,-17.636217981340586,26.0,-3.0
02/04/2017,23,0.0,23.270539722794293,23.270539722794293,29.0,29.0
09/04/2017,0,55.0,0.15511856591589515,-54.84488143408411,0.0,-55.0
16/04/2017,33,-13.0,49.43235945707083,62.43235945707083,55.0,68.0
23/04/2017,14,28.0,0.15511856591589515,-27.844881434084105,-13.0,-41.0
30/04/2017,12,22.0,21.10180336059183,-0.8981966394081695,28.0,6.0
07/05/2017,42,20.0,19.37952378621906,-0.6204762137809396,22.0,2.0
14/05/2017,6,25.0,13.613653595287204,-11.386346404712796,20.0,-5.0
21/05/2017,33,11.0,19.82148192256093,8.821481922560931,25.0,14.0
28/05/2017,38,31.0,6.344160703054816,-24.655839296945185,11.0,-20.0
04/06/2017,6,16.0,25.83267573318243,9.83267573318243,31.0,15.0
11/06/2017,0,18.0,12.402603415786624,-5.597396584213376,16.0,-2.0
18/06/2017,6,9.0,12.339026966077387,3.3390269660773875,18.0,9.0
25/06/2017,0,8.0,4.512164628459364,-3.487835371540636,9.0,1.0
02/07/2017,47,17.0,4.063227876503393,-12.936772123496606,8.0,-9.0
09/07/2017,0,18.0,14.068376242757738,-3.931623757242262,17.0,-1.0
16/07/2017,0,15.0,15.645861659386753,0.6458616593867532,18.0,3.0
23/07/2017,7,0.0,11.472732703210115,11.472732703210115,15.0,15.0
30/07/2017,0,27.0,0.15511856591589515,-26.844881434084105,0.0,-27.0
06/08/2017,32,20.0,22.93130537840277,2.9313053784027687,27.0,7.0
13/08/2017,17,18.0,18.394525344407857,0.3945253444078567,20.0,2.0
20/08/2017,0,9.0,13.154140818909704,4.154140818909704,18.0,9.0
27/08/2017,17,-19.0,4.17536728277266,23.175367282772662,9.0,28.0
03/09/2017,0,-6.0,0.15511856591589515,6.155118565915895,-19.0,-13.0
10/09/2017,0,17.0,0.15511856591589515,-16.844881434084105,-6.0,-23.0
17/09/2017,48,12.0,19.465211272978188,7.465211272978188,17.0,5.0
24/09/2017,94,14.0,10.36638822462067,-3.6336117753793307,12.0,-2.0
01/10/2017,0,9.0,10.382739832855613,1.3827398328556129,14.0,5.0
08/10/2017,12,6.0,5.7728099658049645,-0.22719003419503547,9.0,3.0
15/10/2017,22,12.0,2.8457301339978724,-9.154269866002128,6.0,-6.0
22/10/2017,0,5.0,9.333999266670048,4.333999266670048,12.0,7.0
29/10/2017,27,3.0,3.050901364307776,0.05090136430777603,5.0,2.0
05/11/2017,0,6.0,0.6342811159166973,-5.365718884083303,3.0,-3.0
12/11/2017,0,11.0,4.035192423420176,-6.964807576579824,6.0,-5.0
19/11/2017,29,69.0,9.63231265622288,-59.36768734377712,11.0,-58.0
26/11/2017,21,-12.0,69.14569775755763,81.14569775755763,69.0,81.0
03/12/2017,14,24.0,0.15511856591589515,-23.844881434084105,-12.0,-36.0
10/12/2017,1,8.0,16.729871680734753,8.729871680734753,24.0,16.0
17/12/2017,10,-49.0,2.3282948136509956,51.328294813651,8.0,57.0
24/12/2017,0,3.0,0.15511856591589515,-2.8448814340841047,-49.0,-52.0
