Date,Searches,Observed,P-NN-Prediction - No Google,P-NN-Error - No Google,Naive-Prediction,NaiveError
31/01/2016,55,226.0,185.36079981536867,-40.639200184631335,178.99999999999997,-47.00000000000003
07/02/2016,70,270.99999999999994,247.8979880525112,-23.102011947488734,226.0,-44.99999999999994
14/02/2016,38,273.99999999999994,240.33132009100913,-33.66867990899081,270.99999999999994,-3.0
21/02/2016,43,263.0,263.38770933475496,0.38770933475495895,273.99999999999994,10.999999999999943
28/02/2016,27,312.0,243.06126221323012,-68.93873778676988,263.0,-49.0
06/03/2016,23,360.99999999999994,316.5974724701405,-44.40252752985947,312.0,-48.99999999999994
13/03/2016,53,181.99999999999997,376.27319939479827,194.2731993947983,360.99999999999994,178.99999999999997
20/03/2016,21,443.0,112.89574073374271,-330.10425926625726,181.99999999999997,-261.0
27/03/2016,36,468.99999999999994,478.51481445789335,9.514814457893408,443.0,-25.999999999999943
03/04/2016,37,541.0,522.5078361801147,-18.492163819885263,468.99999999999994,-72.00000000000006
10/04/2016,54,468.99999999999994,493.8011144129753,24.80111441297538,541.0,72.00000000000006
17/04/2016,36,549.0,442.18108039894105,-106.81891960105895,468.99999999999994,-80.00000000000006
24/04/2016,83,488.0,540.6227323922158,52.62273239221577,549.0,61.0
01/05/2016,30,541.0,475.05678948907854,-65.94321051092146,488.0,-53.0
08/05/2016,56,549.0,523.2526463964463,-25.747353603553734,541.0,-8.0
15/05/2016,39,553.9999999999999,550.9265955892563,-3.073404410743592,549.0,-4.999999999999886
22/05/2016,27,405.99999999999994,536.3867962779999,130.38679627799996,553.9999999999999,147.99999999999994
29/05/2016,23,464.0,349.4153728712082,-114.5846271287918,405.99999999999994,-58.00000000000006
05/06/2016,50,483.0,443.315357247448,-39.68464275255201,464.0,-19.0
12/06/2016,41,278.0,495.4291926510811,217.4291926510811,483.0,205.0
19/06/2016,16,281.0,193.94282501678467,-87.05717498321533,278.0,-3.0
26/06/2016,42,246.0,235.7082957367897,-10.291704263210306,281.0,35.0
03/07/2016,4,166.99999999999997,239.39413529462814,72.39413529462817,246.0,79.00000000000003
10/07/2016,15,204.0,129.97118128607272,-74.02881871392728,166.99999999999997,-37.00000000000003
17/07/2016,69,162.0,196.70236927628517,34.70236927628517,204.0,42.0
24/07/2016,100,138.0,154.19243232228757,16.192432322287573,162.0,24.0
31/07/2016,16,90.0,110.66464179940223,20.664641799402233,138.0,48.0
07/08/2016,55,61.0,68.65741537758112,7.657415377581117,90.0,29.0
14/08/2016,39,77.0,40.85663006834984,-36.14336993165016,61.0,-16.0
21/08/2016,71,61.99999999999999,75.40355769592523,13.403557695925237,77.0,15.000000000000007
28/08/2016,100,77.0,58.10742298898697,-18.89257701101303,61.99999999999999,-15.000000000000007
04/09/2016,0,74.0,71.38184886834621,-2.6181511316537893,77.0,3.0
11/09/2016,48,46.99999999999999,72.69039699780942,25.690396997809422,74.0,27.000000000000007
18/09/2016,56,45.0,29.708806202805043,-15.291193797194957,46.99999999999999,1.999999999999993
25/09/2016,46,46.0,36.306529969978335,-9.693470030021665,45.0,-1.0
02/10/2016,23,27.999999999999996,44.06750372666121,16.06750372666121,46.0,18.000000000000004
09/10/2016,52,17.0,18.598799509897827,1.5987995098978267,27.999999999999996,10.999999999999996
16/10/2016,57,-87.0,7.162916234195232,94.16291623419524,17.0,104.0
23/10/2016,33,36.0,-0.34284850247707216,-36.342848502477075,-87.0,-123.0
30/10/2016,18,29.0,39.72871689311266,10.728716893112662,36.0,7.0
06/11/2016,72,30.0,30.352296421211957,0.3522964212119568,29.0,-1.0
13/11/2016,50,5.0,3.84274495184049,-1.1572550481595099,30.0,25.0
20/11/2016,0,15.0,0.6771604843163863,-14.322839515683613,5.0,-10.0
27/11/2016,74,10.0,11.754659080216289,1.754659080216289,15.0,5.0
04/12/2016,0,12.0,10.290521596324444,-1.709478403675556,10.0,-2.0
11/12/2016,51,32.0,7.014685030548274,-24.985314969451725,12.0,-20.0
18/12/2016,48,13.999999999999998,36.75608540272713,22.75608540272713,32.0,18.0
25/12/2016,8,20.0,7.22334656009078,-12.77665343990922,13.999999999999998,-6.000000000000002
01/01/2017,0,2.0,10.931913522464036,8.931913522464036,20.0,18.0
08/01/2017,0,5.0,0.3184710576603189,-4.681528942339681,2.0,-3.0
15/01/2017,0,6.0,0.6306207488073036,-5.369379251192696,5.0,-1.0
22/01/2017,9,13.0,7.185711206689477,-5.814288793310523,6.0,-7.0
29/01/2017,14,6.0,13.280145814251899,7.280145814251899,13.0,7.0
05/02/2017,0,5.0,2.66525163648352,-2.33474836351648,6.0,1.0
12/02/2017,40,9.0,0.5462719795284793,-8.453728020471521,5.0,-4.0
19/02/2017,34,8.0,9.469335015672446,1.4693350156724456,9.0,1.0
26/02/2017,9,10.0,6.999742683447898,-3.0002573165521023,8.0,-2.0
05/03/2017,38,5.0,7.731261053651571,2.731261053651571,10.0,5.0
12/03/2017,29,4.0,2.281235588744283,-1.7187644112557172,5.0,1.0
19/03/2017,0,5.0,1.2263577725792303,-3.77364222742077,4.0,-1.0
26/03/2017,0,5.0,4.6287977292254565,-0.3712022707745435,5.0,0.0
02/04/2017,48,0.0,4.319022591161728,4.319022591161728,5.0,5.0
09/04/2017,0,8.0,-0.24169897928196005,-8.24169897928196,0.0,-8.0
16/04/2017,18,5.0,8.82595536301732,3.8259553630173198,8.0,3.0
23/04/2017,10,3.0,4.987683102963865,1.9876831029638646,5.0,2.0
30/04/2017,26,4.0,0.1546880515971221,-3.8453119484028777,3.0,-1.0
07/05/2017,44,2.0,3.407832417280972,1.407832417280972,4.0,2.0
14/05/2017,0,5.0,1.257714066223614,-3.742285933776386,2.0,-3.0
21/05/2017,0,8.0,4.566991166847199,-3.433008833152801,5.0,-3.0
28/05/2017,27,0.0,8.726900734496116,8.726900734496116,8.0,8.0
04/06/2017,0,6.0,-0.3257480501089245,-6.325748050108924,0.0,-6.0
11/06/2017,25,4.0,4.975156617540121,0.9751566175401214,6.0,2.0
18/06/2017,14,1.0,4.262965140749514,3.2629651407495137,4.0,3.0
25/06/2017,26,-8.0,-0.16194947654143907,7.838050523458561,1.0,9.0
02/07/2017,68,2.0,-0.34284850247707216,-2.342848502477072,-8.0,-10.0
09/07/2017,0,1.0,3.49537223700732,2.49537223700732,2.0,1.0
16/07/2017,0,1.0,2.8723720022968946,1.8723720022968946,1.0,0.0
23/07/2017,0,0.0,-0.1803110503205098,-0.1803110503205098,1.0,1.0
30/07/2017,15,1.0,-0.13865624793274328,-1.1386562479327433,0.0,-1.0
06/08/2017,0,1.0,0.9377235740756616,-0.06227642592433835,1.0,0.0
13/08/2017,37,4.0,1.0184164560588076,-2.981583543941192,1.0,-3.0
20/08/2017,100,2.0,4.189731915050745,2.1897319150507446,4.0,2.0
27/08/2017,0,-16.0,1.211941227054037,17.211941227054037,2.0,18.0
03/09/2017,5,-1.0,-0.34284850247707216,0.6571514975229278,-16.0,-15.0
10/09/2017,0,13.999999999999998,0.8046017178833484,-13.19539828211665,-1.0,-14.999999999999998
17/09/2017,0,-1.0,15.961231387773156,16.961231387773154,13.999999999999998,14.999999999999998
24/09/2017,51,3.0,-0.34284850247707216,-3.342848502477072,-1.0,-4.0
01/10/2017,6,3.0,0.08183266899874433,-2.9181673310012557,3.0,0.0
08/10/2017,0,2.0,4.1850414701581,2.1850414701581,3.0,1.0
15/10/2017,0,2.0,0.2156330073200166,-1.7843669926799834,2.0,0.0
22/10/2017,0,-4.0,1.291673645850271,5.2916736458502704,2.0,6.0
29/10/2017,0,0.0,-0.34284850247707216,-0.34284850247707216,-4.0,-4.0
05/11/2017,13,3.0,0.27176823766734454,-2.7282317623326553,0.0,-3.0
12/11/2017,0,8.0,4.738977115139365,-3.261022884860635,3.0,-5.0
19/11/2017,0,4.0,8.553622088289261,4.553622088289261,8.0,4.0
26/11/2017,30,-3.0,1.524526347630471,4.524526347630471,4.0,7.0
03/12/2017,0,6.999999999999999,-0.34284850247707216,-7.3428485024770715,-3.0,-10.0
10/12/2017,2,4.0,8.494592261916399,4.494592261916399,6.999999999999999,2.999999999999999
17/12/2017,0,-1.0,4.641159287402779,5.641159287402779,4.0,5.0
24/12/2017,33,-5.0,-0.34284850247707216,4.657151497522928,-1.0,4.0
