Date,Searches,Observed,LSTM-Prediction,LSTMError,Naive-Prediction,NaiveError
31/01/2016,0.44,636.0,77.40720173582912,-558.5927982641708,412.99999999999994,-223.00000000000006
07/02/2016,0.62,854.9999999999999,155.0394570366764,-699.9605429633235,636.0,-218.9999999999999
14/02/2016,0.51,881.0,180.12734746864797,-700.8726525313521,854.9999999999999,-26.000000000000114
21/02/2016,0.58,980.0,113.47922072335243,-866.5207792766475,881.0,-99.0
28/02/2016,0.3,1243.0,96.31439048901558,-1146.6856095109845,980.0,-263.0
06/03/2016,0.26,1257.0,97.45201035718918,-1159.5479896428108,1243.0,-14.0
13/03/2016,0.77,1044.0,117.40561954380274,-926.5943804561973,1257.0,213.0
20/03/2016,0.3,952.0,102.92440540874719,-849.0755945912529,1044.0,92.0
27/03/2016,0.46,1212.0,116.2512809708333,-1095.7487190291668,952.0,-260.0
03/04/2016,0.56,1525.0,95.23020448130131,-1429.7697955186986,1212.0,-313.0
10/04/2016,0.7,1531.0,112.8428320246172,-1418.157167975383,1525.0,-6.0
17/04/2016,0.5,1472.0,153.937056440053,-1318.062943559947,1531.0,59.0
24/04/2016,0.57,1247.0,124.01148778477908,-1122.988512215221,1472.0,225.0
01/05/2016,0.28,1077.0,126.42705464993239,-950.5729453500676,1247.0,170.0
08/05/2016,0.47,1164.0,130.1069735652709,-1033.893026434729,1077.0,-87.0
15/05/2016,0.43,1260.0,111.83421016292095,-1148.165789837079,1164.0,-96.0
22/05/2016,0.23,786.0,92.38436194976092,-693.6156380502391,1260.0,474.0
29/05/2016,0.22,949.0,97.91912216986657,-851.0808778301334,786.0,-163.0
05/06/2016,0.36,858.9999999999999,123.64905486258984,-735.35094513741,949.0,90.00000000000011
12/06/2016,0.27,809.0,70.83445192915559,-738.1655480708444,858.9999999999999,49.999999999999886
19/06/2016,0.16,730.0,89.8083835117507,-640.1916164882493,809.0,79.0
26/06/2016,0.31,519.0,83.01652517949462,-435.98347482050536,730.0,211.0
03/07/2016,0.04,506.99999999999994,79.75692770170093,-427.243072298299,519.0,12.000000000000057
10/07/2016,0.31,301.0,82.35726925229191,-218.64273074770807,506.99999999999994,205.99999999999994
17/07/2016,0.57,268.0,84.79406447287678,-183.20593552712322,301.0,33.0
24/07/2016,0.47,319.0,110.54691389023304,-208.45308610976696,268.0,-51.0
31/07/2016,0.16,198.0,57.10186729749918,-140.89813270250082,319.0,121.0
07/08/2016,0.39,216.0,64.65469067751526,-151.34530932248475,198.0,-18.0
14/08/2016,0.22,144.0,80.6900404131186,-63.309959586881405,216.0,72.0
21/08/2016,0.33,110.0,79.56744538096547,-30.432554619034534,144.0,34.0
28/08/2016,0.28,80.0,52.743042477248906,-27.256957522751094,110.0,30.0
04/09/2016,0.31,188.0,35.76136730382264,-152.23863269617738,80.0,-108.0
11/09/2016,0.43,25.0,5.553418555887565,-19.446581444112436,188.0,163.0
18/09/2016,0.33,106.0,17.166711088626386,-88.83328891137361,25.0,-81.0
25/09/2016,0.3,108.0,26.24475055959523,-81.75524944040477,106.0,-2.0
02/10/2016,0.15,72.0,0.9224109701729752,-71.07758902982702,108.0,36.0
09/10/2016,0.34,34.0,25.044196316970588,-8.955803683029412,72.0,38.0
16/10/2016,0.51,72.0,16.903124758755563,-55.09687524124443,34.0,-38.0
23/10/2016,0.15,91.0,2.1321501028033345,-88.86784989719666,72.0,-19.0
30/10/2016,0.08,46.0,1.1748755288389698,-44.82512447116103,91.0,45.0
06/11/2016,0.54,41.0,14.859012866849898,-26.1409871331501,46.0,5.0
13/11/2016,0.22,37.0,10.52870265006289,-26.47129734993711,41.0,4.0
20/11/2016,0.1,-29.0,2.2634264796495067,31.263426479649507,37.0,66.0
27/11/2016,0.43,96.0,0.01305015599183971,-95.98694984400817,-29.0,-125.0
04/12/2016,0.13,30.0,9.55093133586347,-20.44906866413653,96.0,66.0
11/12/2016,0.11,85.0,9.047821374475808,-75.9521786255242,30.0,-55.0
18/12/2016,0.21,26.0,5.573199148477838,-20.426800851522163,85.0,59.0
25/12/2016,0.04,20.0,1.3952979370095582,-18.60470206299044,26.0,6.0
01/01/2017,0.05,12.0,5.917676305456758,-6.082323694543242,20.0,8.0
08/01/2017,0.0,15.0,1.1638011914594286,-13.836198808540571,12.0,-3.0
15/01/2017,0.04,34.0,0.01305015599183971,-33.98694984400816,15.0,-19.0
22/01/2017,0.02,44.0,0.01305015599183971,-43.98694984400816,34.0,-10.0
29/01/2017,0.04,57.0,0.01305015599183971,-56.98694984400816,44.0,-13.0
05/02/2017,0.02,52.0,0.07919124930235674,-51.920808750697645,57.0,5.0
12/02/2017,0.18,45.0,0.7633528940226882,-44.23664710597731,52.0,7.0
19/02/2017,0.15,35.0,1.0467536732358858,-33.953246326764116,45.0,10.0
26/02/2017,0.09,91.0,1.2310861585559696,-89.76891384144403,35.0,-56.0
05/03/2017,0.0,17.0,0.34798416653960945,-16.65201583346039,91.0,74.0
12/03/2017,0.39,29.0,4.350977959399446,-24.649022040600553,17.0,-12.0
19/03/2017,0.38,26.0,4.656287150734961,-21.34371284926504,29.0,3.0
26/03/2017,0.0,29.0,1.020887286489308,-27.97911271351069,26.0,-3.0
02/04/2017,0.23,0.0,0.01305015599183971,0.01305015599183971,29.0,29.0
09/04/2017,0.0,55.0,8.129404212088584,-46.87059578791141,0.0,-55.0
16/04/2017,0.33,-13.0,2.6344169107604025,15.634416910760402,55.0,68.0
23/04/2017,0.14,28.0,0.01305015599183971,-27.98694984400816,-13.0,-41.0
30/04/2017,0.12,22.0,0.24796178249770776,-21.752038217502292,28.0,6.0
07/05/2017,0.42,20.0,0.20567396870632657,-19.794326031293675,22.0,2.0
14/05/2017,0.06,25.0,19.854483490917385,-5.145516509082615,20.0,-5.0
21/05/2017,0.33,11.0,3.092779932459816,-7.907220067540184,25.0,14.0
28/05/2017,0.38,31.0,3.4205349474091826,-27.579465052590816,11.0,-20.0
04/06/2017,0.06,16.0,10.114126204951406,-5.885873795048594,31.0,15.0
11/06/2017,0.0,18.0,6.615742725996375,-11.384257274003625,16.0,-2.0
18/06/2017,0.06,9.0,0.965632551468797,-8.034367448531203,18.0,9.0
25/06/2017,0.0,8.0,0.01305015599183971,-7.98694984400816,9.0,1.0
02/07/2017,0.47,17.0,1.691772750247568,-15.308227249752433,8.0,-9.0
09/07/2017,0.0,18.0,12.170264290183484,-5.829735709816516,17.0,-1.0
16/07/2017,0.0,15.0,10.28911439855218,-4.710885601447821,18.0,3.0
23/07/2017,0.07,0.0,0.860635974654425,0.860635974654425,15.0,15.0
30/07/2017,0.0,27.0,3.3729010751226545,-23.627098924877345,0.0,-27.0
06/08/2017,0.32,20.0,0.6604883903170843,-19.339511609682916,27.0,7.0
13/08/2017,0.17,18.0,1.4808926184583455,-16.519107381541655,20.0,2.0
20/08/2017,0.0,9.0,6.287040065711438,-2.7129599342885617,18.0,9.0
27/08/2017,0.17,-19.0,4.572056363624782,23.57205636362478,9.0,28.0
03/09/2017,0.0,-6.0,1.0779895346323027,7.0779895346323025,-19.0,-13.0
10/09/2017,0.0,17.0,0.12856994198341853,-16.871430058016582,-6.0,-23.0
17/09/2017,0.48,12.0,9.706610525339842,-2.2933894746601577,17.0,5.0
24/09/2017,0.94,14.0,5.1458183203265815,-8.854181679673419,12.0,-2.0
01/10/2017,0.0,9.0,3.484960393846333,-5.5150396061536675,14.0,5.0
08/10/2017,0.12,6.0,6.660944411705286,0.6609444117052856,9.0,3.0
15/10/2017,0.22,12.0,1.1521014494052157,-10.847898550594785,6.0,-6.0
22/10/2017,0.0,5.0,3.5572478249626607,-1.4427521750373393,12.0,7.0
29/10/2017,0.27,3.0,7.487436195585132,4.487436195585132,5.0,2.0
05/11/2017,0.0,6.0,1.7572133836628123,-4.242786616337188,3.0,-3.0
12/11/2017,0.0,11.0,0.5633272025860101,-10.43667279741399,6.0,-5.0
19/11/2017,0.29,69.0,4.332231286711022,-64.66776871328898,11.0,-58.0
26/11/2017,0.21,-12.0,7.707493397673368,19.707493397673367,69.0,81.0
03/12/2017,0.14,24.0,7.280331865033209,-16.719668134966792,-12.0,-36.0
10/12/2017,0.01,8.0,0.01305015599183971,-7.98694984400816,24.0,16.0
17/12/2017,0.1,-49.0,0.23459489616027102,49.234594896160274,8.0,57.0
24/12/2017,0.0,3.0,0.5261672688796372,-2.4738327311203627,-49.0,-52.0
