Date,Searches,Observed,GRU-Prediction,GRUError,Naive-Prediction,NaiveError
01/02/2016,0.45,3955.0,1423.037016404743,-2531.962983595257,1424.0,-2531.0
08/02/2016,0.37,3955.0,3418.839771427078,-536.1602285729218,3955.0,0.0
15/02/2016,0.63,3955.0,3341.176302953262,-613.8236970467378,3955.0,0.0
22/02/2016,0.71,5152.0,3604.2086214303017,-1547.7913785696983,3955.0,-1197.0
29/02/2016,0.79,5152.0,4999.216430811615,-152.78356918838472,5152.0,0.0
07/03/2016,0.84,5153.0,4991.4775951416395,-161.52240485836046,5152.0,-1.0
14/03/2016,0.71,2997.0,4801.014201892548,1804.014201892548,5153.0,2156.0
21/03/2016,0.88,2997.0,3138.5646761745834,141.56467617458338,2997.0,0.0
28/03/2016,0.65,1881.0,2675.0326527929496,794.0326527929496,2997.0,1116.0
04/04/2016,0.74,1881.0,2162.290449833927,281.29044983392714,1881.0,0.0
11/04/2016,0.54,1881.0,1928.8001604655647,47.80016046556466,1881.0,0.0
18/04/2016,0.61,731.0,1654.5841093647098,923.5841093647098,1881.0,1150.0
25/04/2016,0.42,731.0,758.3923595729494,27.39235957294943,731.0,0.0
02/05/2016,0.35,731.0,732.0833328176642,1.0833328176641999,731.0,0.0
09/05/2016,0.35,733.0,719.3195366936111,-13.680463306388901,731.0,-2.0
16/05/2016,0.74,206.0,723.7404219331503,517.7404219331503,733.0,527.0
23/05/2016,0.38,206.0,286.7888238035953,80.78882380359528,206.0,0.0
30/05/2016,0.46,206.0,147.98200134033442,-58.01799865966558,206.0,0.0
06/06/2016,0.29,206.0,182.39526488252878,-23.604735117471222,206.0,0.0
13/06/2016,0.27,206.0,205.5883764164555,-0.4116235835444968,206.0,0.0
20/06/2016,0.22,211.0,193.25455219141364,-17.745447808586363,206.0,-5.0
27/06/2016,0.32,145.0,198.09008062872292,53.090080628722916,211.0,66.0
04/07/2016,0.43,145.0,128.66904504906654,-16.33095495093346,145.0,0.0
11/07/2016,0.44,145.0,112.34679519634723,-32.65320480365277,145.0,0.0
18/07/2016,0.5,145.0,128.56103989813863,-16.43896010186137,145.0,0.0
25/07/2016,0.42,145.0,121.6454816996491,-23.354518300350904,145.0,0.0
01/08/2016,0.54,147.0,124.38171889319241,-22.618281106807586,145.0,-2.0
08/08/2016,0.29,2.9999999999999996,137.652587722618,134.652587722618,147.0,144.0
15/08/2016,0.43,7.0,0.0025030976068074235,-6.997496902393193,2.9999999999999996,-4.0
22/08/2016,0.21,67.0,0.0025030976068074235,-66.9974969023932,7.0,-60.0
29/08/2016,0.26,67.0,75.94025630563468,8.940256305634676,67.0,0.0
05/09/2016,0.45,65.0,77.34283704218925,12.342837042189245,67.0,2.0
12/09/2016,0.79,65.0,41.629528604498205,-23.370471395501795,65.0,0.0
19/09/2016,0.4,65.0,36.33347833123252,-28.66652166876748,65.0,0.0
26/09/2016,0.3,1.0,14.832900984497964,13.832900984497964,65.0,64.0
03/10/2016,0.28,69.0,16.76757674773045,-52.232423252269555,1.0,-68.0
10/10/2016,0.31,69.0,84.29754013406277,15.297540134062771,69.0,0.0
17/10/2016,0.76,136.0,76.1798998795709,-59.8201001204291,69.0,-67.0
24/10/2016,0.81,137.0,114.0248398280853,-22.975160171914695,136.0,-1.0
31/10/2016,0.32,95.99999999999999,53.11027767986626,-42.88972232013373,137.0,41.000000000000014
07/11/2016,0.25,97.0,64.24449841575324,-32.75550158424676,95.99999999999999,-1.0000000000000142
14/11/2016,0.45,91.0,121.59582804867208,30.595828048672075,97.0,6.0
21/11/2016,0.25,99.0,115.13810962072193,16.138109620721934,91.0,-8.0
28/11/2016,0.43,124.0,60.80773225869298,-63.19226774130702,99.0,-25.0
05/12/2016,0.15,93.99999999999999,123.98956571711183,29.989565717111844,124.0,30.000000000000014
12/12/2016,0.26,81.99999999999999,60.2763723420164,-21.723627657983585,93.99999999999999,12.0
19/12/2016,0.32,68.0,78.0148487679559,10.014848767955897,81.99999999999999,13.999999999999986
26/12/2016,0.35,29.0,61.13922914203465,32.13922914203465,68.0,39.0
02/01/2017,0.24,14.0,6.612763759461492,-7.387236240538508,29.0,15.0
09/01/2017,0.21,14.0,0.0025030976068074235,-13.997496902393193,14.0,0.0
16/01/2017,0.13,14.0,20.21716903092608,6.21716903092608,14.0,0.0
23/01/2017,0.21,16.0,16.3564753396713,0.35647533967129874,14.0,-2.0
30/01/2017,0.31,89.0,15.605007711737976,-73.39499228826202,16.0,-73.0
06/02/2017,0.55,89.0,84.4752195368129,-4.524780463187099,89.0,0.0
13/02/2017,0.53,89.0,77.69335761203527,-11.306642387964729,89.0,0.0
20/02/2017,0.34,66.0,29.285179616357834,-36.71482038364216,89.0,23.0
27/02/2017,0.3,66.0,56.002216430645284,-9.997783569354716,66.0,0.0
06/03/2017,0.15,66.0,83.62787893109977,17.627878931099772,66.0,0.0
13/03/2017,0.05,77.0,76.36040082428575,-0.6395991757142525,66.0,-11.0
20/03/2017,0.18,78.0,84.86902813945949,6.869028139459488,77.0,-1.0
27/03/2017,0.15,107.99999999999999,82.12308703659832,-25.876912963401665,78.0,-29.999999999999986
03/04/2017,0.18,107.99999999999999,85.91580648936213,-22.08419351063786,107.99999999999999,0.0
10/04/2017,0.15,108.99999999999999,95.83256159198702,-13.16743840801297,107.99999999999999,-1.0
17/04/2017,0.14,26.999999999999996,78.23918193265736,51.23918193265736,108.99999999999999,81.99999999999999
24/04/2017,0.23,26.999999999999996,11.181025406889916,-15.818974593110081,26.999999999999996,0.0
01/05/2017,0.19,26.999999999999996,5.4578156305746734,-21.54218436942532,26.999999999999996,0.0
08/05/2017,0.11,26.999999999999996,27.534085857643635,0.5340858576436389,26.999999999999996,0.0
15/05/2017,0.21,40.99999999999999,33.184335680513236,-7.815664319486757,26.999999999999996,-13.999999999999996
22/05/2017,0.12,40.99999999999999,50.653400578838585,9.653400578838593,40.99999999999999,0.0
29/05/2017,0.28,40.99999999999999,41.48439068087429,0.4843906808742986,40.99999999999999,0.0
05/06/2017,0.19,40.99999999999999,46.859775671765206,5.859775671765213,40.99999999999999,0.0
12/06/2017,0.04,40.99999999999999,32.37300974861383,-8.626990251386161,40.99999999999999,0.0
19/06/2017,0.2,46.0,49.36092400092959,3.360924000929593,40.99999999999999,-5.000000000000007
26/06/2017,0.26,34.0,60.53918274187356,26.53918274187356,46.0,12.0
03/07/2017,0.08,34.0,27.902198764504643,-6.097801235495357,34.0,0.0
10/07/2017,0.31,34.0,30.782673000363857,-3.2173269996361427,34.0,0.0
17/07/2017,0.5,34.0,46.30663912164301,12.306639121643009,34.0,0.0
24/07/2017,0.16,34.0,14.922982255797535,-19.077017744202465,34.0,0.0
31/07/2017,0.13,34.0,13.13515700527452,-20.86484299472548,34.0,0.0
07/08/2017,0.67,86.0,59.28982499570727,-26.71017500429273,34.0,-52.0
14/08/2017,0.11,172.0,95.01171695733309,-76.98828304266691,86.0,-86.0
21/08/2017,0.13,22.0,86.71807559166491,64.71807559166491,172.0,150.0
28/08/2017,0.28,22.0,48.479866654688415,26.479866654688415,22.0,0.0
04/09/2017,0.11,50.0,10.073854855088666,-39.92614514491133,22.0,-28.0
11/09/2017,0.17,50.0,49.34921711692691,-0.6507828830730915,50.0,0.0
18/09/2017,0.08,50.0,64.38040344922035,14.380403449220353,50.0,0.0
25/09/2017,0.2,2.0,44.658003462960124,42.658003462960124,50.0,48.0
02/10/2017,0.27,2.0,0.0025030976068074235,-1.9974969023931926,2.0,0.0
09/10/2017,0.22,2.0,0.0025030976068074235,-1.9974969023931926,2.0,0.0
16/10/2017,0.23,20.0,0.0025030976068074235,-19.99749690239319,2.0,-18.0
23/10/2017,0.22,21.0,12.244726149078458,-8.755273850921542,20.0,-1.0
30/10/2017,0.42,9.0,12.775892856438979,3.775892856438979,21.0,12.0
06/11/2017,0.45,9.0,0.0025030976068074235,-8.997496902393193,9.0,0.0
13/11/2017,0.33,1.0,0.0025030976068074235,-0.9974969023931926,9.0,8.0
20/11/2017,0.25,23.999999999999996,0.0025030976068074235,-23.997496902393188,1.0,-22.999999999999996
27/11/2017,0.26,19.0,24.504303120734544,5.504303120734544,23.999999999999996,4.9999999999999964
04/12/2017,0.3,29.999999999999996,15.907383721122965,-14.092616278877031,19.0,-10.999999999999996
11/12/2017,0.09,1.0,19.076518391427697,18.076518391427697,29.999999999999996,28.999999999999996
18/12/2017,0.3,2.9999999999999996,0.0025030976068074235,-2.997496902393192,1.0,-1.9999999999999996
25/12/2017,0.28,56.0,0.0025030976068074235,-55.997496902393195,2.9999999999999996,-53.0
